Random Forest for heart disease
[ 0.3  0.1  0.   0.4  0.2  1.   0.7  0.8  0.   0.   0.   0.2  1.   0.   0.1
  1.   0.6  0.   0.   0.1  0.   0.7  0.1  0.   0.1  0.7  0.   0.1  0.8  0.4
  0.2  0.1  0.8  0.2  0.   0.   0.4  0.9  0.9  0.2  0.1  0.8  0.1  0.7  0.1
  0.1  0.4  0.   0.5  0.7  0.1  0.2  1.   0.   0.   1.   0.9  1.   0.5]
[1 1 0 1 0 1 0 1 0 0 0 0 1 0 0 1 0 0 0 0 0 1 0 1 1 1 0 0 1 1 0 0 1 0 0 0 0
 1 1 1 0 1 0 0 0 0 1 0 1 1 0 0 1 0 0 1 1 1 1]
0.779661016949
SVM for heart disease
[ 0.34373757  0.34343924  0.33669491  0.34307196  0.34337279  0.34337284
  0.3431766   0.34337247  0.34337279  0.34337265  0.34337284  0.34327376
  0.34399893  0.34203002  0.34337276  0.34337284  0.34337341  0.34337284
  0.34312385  0.34337284  0.34307517  0.34304144  0.3433742   0.34337284
  0.34338026  0.34337454  0.32899003  0.34337235  0.34337284  0.34337552
  0.34337284  0.33861997  0.34337284  0.34337284  0.34349137  0.34314287
  0.34337284  0.34539118  0.34337198  0.34337284  0.34337284  0.34337307
  0.34337279  0.34331972  0.34336794  0.34048742  0.34337284  0.34337285
  0.34337334  0.34337284  0.34317387  0.34337284  0.34312848  0.34336634
  0.34337284  0.34337418  0.34337284  0.34339979  0.34337284]
[1 1 0 1 0 1 0 1 0 0 0 0 1 0 0 1 0 0 0 0 0 1 0 1 1 1 0 0 1 1 0 0 1 0 0 0 0
 1 1 1 0 1 0 0 0 0 1 0 1 1 0 0 1 0 0 1 1 1 1]
0.559322033898
YumatoMacBook-Pro:final_project yuzhang$ clear

YumatoMacBook-Pro:final_project yuzhang$ python example.py 
example.py:14: FutureWarning: convert_objects is deprecated.  To re-infer data dtypes for object columns, use DataFrame.infer_objects()
For all other conversions use the data-type specific converters pd.to_datetime, pd.to_timedelta and pd.to_numeric.
  dataset = dataset.convert_objects(convert_numeric=True)
Similarity Forest for random sample
[ 0.75  0.25  0.95  0.25  0.7   0.25  0.3   0.45  1.    0.7   0.9   0.45
  0.65  0.7   0.1   0.3   0.05  0.85  1.    0.7   0.1   0.05  0.75  1.
  0.65  0.7   0.8   0.7   0.05  0.    1.    0.2   0.05  0.95  0.    0.45
  0.55  1.    0.    0.4   0.85  0.05  1.    0.6   0.15  0.85  0.8   0.05
  0.05  0.3   0.1   0.9   0.3   0.75  0.4   0.9   0.15  0.05  0.2   0.8   0.
  0.5   0.05  0.35  0.05  0.75  0.45  0.65  0.05  0.1   1.    0.05  0.3
  0.55  0.5   1.    0.9   0.05  0.05  0.1   0.95  0.    0.05  0.45  0.9
  0.65  0.65  0.05  0.    0.05  0.55  0.6   0.9   0.6   1.    0.85  0.7
  0.1   0.9   0.7   0.05  0.85  0.85  0.95  0.45  0.05  0.35  1.    1.    1.
  0.45  0.    0.05  0.4   0.6   0.45  0.95  0.    0.    0.    1.    0.2
  0.05  0.35  1.    0.95  0.1   0.45  0.05  0.    0.9   0.    0.5   0.    0.
  0.25  0.1   0.05  0.9   0.85  0.45  0.45  0.9   0.5   0.05  0.75  0.95
  0.9   0.4   0.4   0.9   0.8   0.    0.35  1.    0.95  0.05  0.9   1.    1.
  1.    0.95  0.45  0.1   1.    0.95  0.45  0.7   0.95  0.45  0.    0.8
  0.05  0.    0.45  0.1   0.95  0.4   0.8   1.    0.45  1.    0.8   1.    0.
  0.85  0.    0.9   0.2   0.9   0.    0.4   0.7   0.8   0.75  0.2   0.6
  0.15  0.05  0.  ]
[0 0 1 0 0 0 0 0 1 0 1 0 0 0 0 0 0 1 0 0 0 0 1 1 1 0 1 1 0 0 0 1 0 0 0 1 1
 1 1 0 1 1 1 1 0 1 1 0 0 0 0 1 1 1 1 1 0 0 0 1 1 1 0 0 0 0 1 1 0 0 1 0 0 0
 1 0 1 0 0 1 1 0 0 0 0 1 1 0 0 0 0 1 1 1 1 0 0 0 0 1 0 1 0 0 0 1 0 1 1 1 1
 0 1 1 1 1 1 1 0 0 1 1 0 0 1 1 0 1 0 0 0 0 1 0 1 0 0 1 1 0 0 1 1 0 1 1 1 1
 1 0 1 1 0 1 1 1 0 1 1 1 1 1 1 1 0 1 0 0 1 0 0 0 0 0 1 0 1 1 0 0 1 1 1 1 0
 1 0 0 0 0 0 1 0 1 1 0 1 0 0 0]
0.69
Random Forest for random sample
[ 0.5  0.   1.   0.1  0.5  0.3  0.4  0.   1.   0.9  0.3  0.8  0.9  0.6  0.4
  0.3  0.1  1.   1.   0.2  0.3  0.   0.5  0.8  0.6  0.8  0.5  0.5  0.1  0.1
  0.8  0.   0.   1.   0.   0.4  0.4  0.9  0.1  0.8  0.8  0.1  1.   0.5  0.4
  1.   0.9  0.1  0.3  0.9  0.1  1.   0.5  1.   0.4  1.   0.3  0.   0.   0.7
  0.1  0.4  0.2  0.3  0.   0.9  0.6  0.4  0.1  0.1  0.9  0.2  0.2  0.4  0.4
  1.   0.9  0.   0.2  0.1  1.   0.4  0.   0.5  0.6  0.3  0.2  0.   0.   0.1
  0.6  0.9  0.5  0.6  0.8  1.   0.9  0.4  0.6  0.5  0.2  1.   1.   1.   0.3
  0.   0.2  1.   1.   1.   0.8  0.   0.1  0.3  0.4  0.8  0.9  0.   0.   0.4
  1.   0.3  0.3  0.2  1.   1.   0.3  0.7  0.   0.   0.6  0.1  0.2  0.2  0.
  0.1  0.   0.   0.8  0.8  0.2  0.3  0.8  0.7  0.1  0.6  0.9  0.7  0.3  0.3
  0.9  0.3  0.   0.4  0.9  1.   0.1  0.8  1.   1.   0.8  0.7  0.9  0.1  1.
  1.   0.2  0.9  0.8  0.5  0.   0.5  0.   0.   0.3  0.3  1.   0.1  0.6  0.9
  0.4  1.   0.9  1.   0.   0.9  0.3  0.9  0.4  0.8  0.   0.2  0.7  0.6  0.8
  0.   0.3  0.4  0.   0. ]
[0 0 1 0 0 0 0 0 1 0 1 0 0 0 0 0 0 1 0 0 0 0 1 1 1 0 1 1 0 0 0 1 0 0 0 1 1
 1 1 0 1 1 1 1 0 1 1 0 0 0 0 1 1 1 1 1 0 0 0 1 1 1 0 0 0 0 1 1 0 0 1 0 0 0
 1 0 1 0 0 1 1 0 0 0 0 1 1 0 0 0 0 1 1 1 1 0 0 0 0 1 0 1 0 0 0 1 0 1 1 1 1
 0 1 1 1 1 1 1 0 0 1 1 0 0 1 1 0 1 0 0 0 0 1 0 1 0 0 1 1 0 0 1 1 0 1 1 1 1
 1 0 1 1 0 1 1 1 0 1 1 1 1 1 1 1 0 1 0 0 1 0 0 0 0 0 1 0 1 1 0 0 1 1 1 1 0
 1 0 0 0 0 0 1 0 1 1 0 1 0 0 0]
0.65
SVM for random sample
[ 0.28571041  0.15586766  0.78952823  0.20480362  0.70577415  0.1877793
  0.22405085  0.20862502  0.80429488  0.80363958  0.80482582  0.23331919
  0.56483457  0.74414151  0.26718394  0.36546328  0.16413576  0.78957588
  0.78773766  0.78472637  0.16109026  0.14512579  0.80397426  0.7791175
  0.79673137  0.45501377  0.81820515  0.376669    0.16889594  0.16924659
  0.82785555  0.16940386  0.1472974   0.78979082  0.16349666  0.17789536
  0.65342733  0.78976152  0.2298427   0.28661322  0.79691572  0.14697945
  0.82377542  0.81260731  0.14489257  0.78750535  0.79827496  0.17190368
  0.18182286  0.2010702   0.1654097   0.75799918  0.54120857  0.7984624
  0.77202392  0.79401699  0.18222611  0.18464912  0.16933217  0.75921922
  0.1822257   0.81625156  0.27563265  0.17979957  0.15770984  0.79813398
  0.7956083   0.74770376  0.16264953  0.19078696  0.81653189  0.18799631
  0.20602854  0.46539882  0.79797665  0.78769366  0.73781227  0.16738182
  0.158555    0.29024498  0.79183243  0.16802297  0.18693676  0.39773049
  0.24648949  0.72226495  0.32201836  0.18691096  0.18813112  0.15051273
  0.60811143  0.7847093   0.64732343  0.81549999  0.78934209  0.80272148
  0.80609898  0.46431946  0.67543367  0.81510603  0.14647295  0.79486593
  0.80357852  0.79485475  0.59936182  0.15239929  0.22487188  0.81008207
  0.80286013  0.79988453  0.5972828   0.14344535  0.18141047  0.65523474
  0.37038555  0.78782303  0.81078657  0.1818596   0.15518179  0.37731171
  0.78899044  0.18644294  0.3343367   0.18605511  0.80510781  0.78967753
  0.19878089  0.80390608  0.16529864  0.16912379  0.80372379  0.16285956
  0.80130779  0.16573767  0.18700953  0.15648772  0.16023056  0.33753058
  0.80603616  0.61446438  0.20310877  0.79652597  0.7710356   0.81127347
  0.16518093  0.2750204   0.81646458  0.78830822  0.58676895  0.6925731
  0.75875075  0.77901199  0.15594981  0.79753301  0.8027514   0.8122197
  0.16199369  0.81539323  0.78894191  0.79594374  0.79729385  0.79996634
  0.58177639  0.51782581  0.78975656  0.800367    0.20677961  0.79451992
  0.78905296  0.80780448  0.16810944  0.41889437  0.14540591  0.18785724
  0.48442839  0.22030624  0.79049328  0.79823789  0.29326207  0.80307215
  0.78692998  0.8016208   0.80840779  0.79685576  0.15879257  0.79099825
  0.15289908  0.75763102  0.29585949  0.8161278   0.16485254  0.8090062
  0.79277439  0.79584886  0.52038133  0.1732433   0.20631953  0.13764932
  0.17562801  0.18685712]
[0 0 1 0 0 0 0 0 1 0 1 0 0 0 0 0 0 1 0 0 0 0 1 1 1 0 1 1 0 0 0 1 0 0 0 1 1
 1 1 0 1 1 1 1 0 1 1 0 0 0 0 1 1 1 1 1 0 0 0 1 1 1 0 0 0 0 1 1 0 0 1 0 0 0
 1 0 1 0 0 1 1 0 0 0 0 1 1 0 0 0 0 1 1 1 1 0 0 0 0 1 0 1 0 0 0 1 0 1 1 1 1
 0 1 1 1 1 1 1 0 0 1 1 0 0 1 1 0 1 0 0 0 0 1 0 1 0 0 1 1 0 0 1 1 0 1 1 1 1
 1 0 1 1 0 1 1 1 0 1 1 1 1 1 1 1 0 1 0 0 1 0 0 0 0 0 1 0 1 1 0 0 1 1 1 1 0
 1 0 0 0 0 0 1 0 1 1 0 1 0 0 0]
0.77
Similarity Forest for breast cancer
[ 0.3  1.   1.   0.2  1.   1.   1.   1.   1.   1.   0.7  0.8  1.   0.2  0.6
  0.   1.   0.   0.   0.   0.2  0.1  1.   1.   0.   1.   1.   1.   1.   0.
  1.   0.   0.9  0.   1.   0.3  0.9  0.   1.   0.   0.2  1.   0.   1.   0.1
  0.   1.   0.9  1.   0.   0.   1.   0.   1.   1.   1.   1.   1.   1.   0.
  0.1  0.   1.   1.   0.   0.8  0.   0.   0.   1.   0.5  0.   1.   1.   0.
  0.9  1.   1.   1.   1.   0.   0.   0.   1.   0.   1.   1.   1.   0.   0.
  1.   0.1  0.5  0.2  1.   1.   0.   0.9  1.   1.   1.   1.   1.   0.9  0.
  1.   0.   0.7  0.   0.4  1.   0.   0.   0.7]
[0 1 1 1 1 1 1 1 1 1 1 1 1 1 1 0 1 0 0 0 0 0 1 1 0 1 1 0 1 0 1 0 1 0 1 0 1
 0 1 0 0 1 0 1 1 0 1 1 1 0 0 0 0 1 1 1 1 1 1 0 0 0 1 1 0 1 0 0 0 1 1 0 1 0
 0 1 1 1 1 1 0 0 0 1 0 1 1 1 0 0 1 0 1 0 1 1 0 1 1 1 1 1 1 1 0 1 0 1 0 0 1
 0 0 1]
0.929824561404
Random Forest for breast cancer
[ 0.   1.   1.   0.8  1.   1.   1.   1.   1.   1.   0.2  1.   1.   0.2  0.1
  0.   0.9  0.   0.   0.   0.1  0.   1.   1.   0.   1.   1.   0.1  0.9  0.
  1.   0.1  0.7  0.1  1.   0.1  1.   0.   1.   0.   0.5  1.   0.4  1.   0.6
  0.   1.   1.   1.   0.   0.   0.2  0.1  1.   1.   1.   1.   1.   1.   0.
  0.   0.   1.   1.   0.1  0.9  0.1  0.   0.   1.   0.9  0.   1.   0.7  0.
  1.   1.   0.8  1.   1.   0.1  0.   0.   1.   0.   1.   0.8  1.   0.   0.
  1.   0.4  0.8  0.1  1.   1.   0.   0.8  1.   1.   0.9  1.   1.   1.   0.
  0.7  0.   0.8  0.5  0.3  1.   0.   0.   0.6]
[0 1 1 1 1 1 1 1 1 1 1 1 1 1 1 0 1 0 0 0 0 0 1 1 0 1 1 0 1 0 1 0 1 0 1 0 1
 0 1 0 0 1 0 1 1 0 1 1 1 0 0 0 0 1 1 1 1 1 1 0 0 0 1 1 0 1 0 0 0 1 1 0 1 0
 0 1 1 1 1 1 0 0 0 1 0 1 1 1 0 0 1 0 1 0 1 1 0 1 1 1 1 1 1 1 0 1 0 1 0 0 1
 0 0 1]
0.964912280702
SVM for breast cancer
[ 0.56852257  0.99566824  0.65580312  0.56604911  0.56851759  0.71406714
  0.56852484  0.59396789  0.56851934  0.58676907  0.56850829  0.56842146
  0.5733612   0.56851757  0.56502583  0.56851757  0.56851915  0.56851757
  0.56851757  0.56851757  0.56851757  0.56851757  0.56851841  0.58234579
  0.56851757  0.63830627  0.59321472  0.56945496  0.56911399  0.56851757
  0.60934686  0.56745026  0.58709017  0.56851757  0.5816874   0.56851757
  0.5787649   0.56851757  0.57962549  0.56851757  0.56851757  0.56851767
  0.56851757  0.65792735  0.56849629  0.56851757  0.5688747   0.57357827
  0.56871744  0.56851749  0.56851757  0.56854593  0.56851757  0.57101863
  0.6435916   0.95298718  0.56907058  0.56852703  0.96495213  0.56851757
  0.56851753  0.53319783  0.63486997  0.99671365  0.56851757  0.56851757
  0.56851757  0.56851757  0.56849622  0.56904067  0.56853596  0.56851756
  0.95891059  0.56851934  0.56851757  0.57413631  0.99112864  0.83294239
  0.81382907  0.56851817  0.56851757  0.56851757  0.56851756  0.56855287
  0.56851757  0.9913372   0.70178402  0.59572764  0.56851757  0.56851757
  0.57119002  0.56851636  0.56851757  0.56851749  0.56858605  0.62314164
  0.56851757  0.70917341  0.99999985  0.59041672  0.56904381  0.99998631
  0.62106287  0.56880622  0.56846056  0.56876252  0.56851752  0.57861043
  0.56851757  0.56851757  0.57728157  0.56851757  0.56851757  0.56851757]
[0 1 1 1 1 1 1 1 1 1 1 1 1 1 1 0 1 0 0 0 0 0 1 1 0 1 1 0 1 0 1 0 1 0 1 0 1
 0 1 0 0 1 0 1 1 0 1 1 1 0 0 0 0 1 1 1 1 1 1 0 0 0 1 1 0 1 0 0 0 1 1 0 1 0
 0 1 1 1 1 1 0 0 0 1 0 1 1 1 0 0 1 0 1 0 1 1 0 1 1 1 1 1 1 1 0 1 0 1 0 0 1
 0 0 1]
0.587719298246
Similarity Forest for heart disease
[ 0.   0.7  0.2  0.2  0.   0.8  0.2  0.   0.1  0.4  0.2  0.1  0.3  0.3  0.3
  0.8  0.3  0.1  0.5  0.2  0.   0.1  0.4  0.4  0.4  0.7  0.1  0.1  0.4  0.6
  0.3  0.   0.9  0.5  0.5  0.1  0.4  0.8  0.1  0.1  0.3  0.5  0.   0.5  0.2
  0.1  0.3  0.1  0.5  0.2  0.2  0.2  0.2  0.3  0.4  0.8  0.6  0.6  1. ]
[1 1 0 1 0 1 0 1 0 0 0 0 1 0 0 1 0 0 0 0 0 1 0 1 1 1 0 0 1 1 0 0 1 0 0 0 0
 1 1 1 0 1 0 0 0 0 1 0 1 1 0 0 1 0 0 1 1 1 1]
0.745762711864
Random Forest for heart disease
[ 0.1  0.4  0.   0.6  0.1  1.   0.5  0.6  0.3  0.1  0.1  0.4  1.   0.   0.3
  1.   0.6  0.1  0.1  0.1  0.2  0.7  0.1  0.2  0.2  0.8  0.   0.   0.9  0.1
  0.   0.1  1.   0.1  0.1  0.   0.1  1.   0.8  0.2  0.2  0.8  0.   0.5  0.1
  0.1  0.7  0.   0.7  0.9  0.   0.1  0.7  0.   0.   1.   0.6  0.8  0.5]
[1 1 0 1 0 1 0 1 0 0 0 0 1 0 0 1 0 0 0 0 0 1 0 1 1 1 0 0 1 1 0 0 1 0 0 0 0
 1 1 1 0 1 0 0 0 0 1 0 1 1 0 0 1 0 0 1 1 1 1]
0.864406779661
SVM for heart disease
[ 0.33317719  0.34050112  0.52994147  0.34967606  0.34214804  0.34214699
  0.34704429  0.34215603  0.34214826  0.34215163  0.34214699  0.34461331
  0.32310634  0.37665682  0.34214894  0.34214699  0.34213282  0.34214694
  0.34836911  0.34214699  0.34959518  0.35044622  0.34211312  0.34214699
  0.34196277  0.34210465  0.73895575  0.34215909  0.34214699  0.34208035
  0.34214699  0.47306301  0.34214699  0.34214699  0.33921312  0.34789103
  0.34214699  0.28865727  0.34216834  0.34214699  0.34214699  0.34214117
  0.34214808  0.34346761  0.34226866  0.4190155   0.34214699  0.34214666
  0.3421345   0.34214699  0.34711269  0.34214699  0.3482528   0.34230841
  0.34214699  0.34211363  0.34214683  0.34147815  0.34214699]
[1 1 0 1 0 1 0 1 0 0 0 0 1 0 0 1 0 0 0 0 0 1 0 1 1 1 0 0 1 1 0 0 1 0 0 0 0
 1 1 1 0 1 0 0 0 0 1 0 1 1 0 0 1 0 0 1 1 1 1]
0.559322033898
YumatoMacBook-Pro:final_project yuzhang$ 
